182 410 0.187 512 
182 412 0.187 512 
179 414 0.187 512 
177 417 0.204 512 
175 422 0.204 512 
172 427 0.204 512 
170 430 0.204 512 
169 433 0.221 512 
167 435 0.221 512 
167 438 0.221 512 
166 440 0.221 512 
165 440 0.238 512 
166 440 0.238 512 
166 440 0.289 514 
165 440 0.306 512 
167 439 0.306 512 
172 439 0.323 512 
178 439 0.323 512 
188 439 0.323 512 
197 440 0.323 512 
203 443 0.34 512 
209 446 0.34 512 
211 447 0.34 512 
216 449 0.34 512 
218 451 0.357 512 
220 451 0.357 512 
222 452 0.357 512 
226 453 0.374 512 
227 453 0.374 512 
229 454 0.374 512 
230 454 0.391 512 
232 454 0.391 512 
234 454 0.391 512 
236 454 0.391 512 
236 455 0.408 512 
237 455 0.408 512 
238 455 0.408 512 
240 455 0.425 512 
242 455 0.425 512 
245 457 0.425 512 
248 458 0.425 512 
253 459 0.442 512 
257 459 0.442 512 
260 460 0.442 512 
264 460 0.459 512 
266 460 0.459 512 
266 459 1.207 512 
266 459 1.241 514 
267 462 1.326 512 
268 464 1.343 512 
268 464 1.343 512 
270 466 1.343 512 
270 464 1.36 512 
270 461 1.377 512 
270 456 1.377 512 
266 453 1.377 512 
265 450 1.377 512 
259 446 1.394 512 
254 445 1.394 512 
253 445 1.394 512 
253 444 1.479 512 
254 444 1.496 512 
255 442 1.496 512 
256 441 1.496 512 
258 439 1.496 512 
261 439 1.513 512 
269 439 1.513 512 
283 439 1.513 512 
294 439 1.513 512 
304 435 1.53 512 
321 433 1.53 512 
343 433 1.53 512 
370 431 1.547 512 
442 426 1.547 512 
479 423 1.547 512 
521 417 1.564 512 
560 412 1.564 512 
574 410 2.074 512 
574 420 2.091 512 
574 426 2.091 512 
574 436 2.091 512 
574 441 2.108 512 
574 447 2.108 512 
574 452 2.108 512 
574 457 2.108 512 
574 461 2.125 512 
575 462 2.125 512 
575 463 2.125 512 
575 464 2.142 512 
576 464 2.312 512 
578 464 2.329 512 
579 462 2.329 512 
581 460 2.329 512 
585 459 2.346 512 
587 459 2.346 512 
589 459 2.346 512 
592 459 2.346 512 
593 459 2.363 512 
594 459 2.363 512 
596 459 2.363 512 
598 459 2.363 512 
600 459 2.38 512 
602 459 2.38 512 
603 459 2.38 512 
603 459 2.38 512 
604 459 2.397 512 
605 459 2.397 512 
606 459 2.397 512 
606 460 2.414 512 
608 459 2.499 512 
608 457 2.499 512 
611 454 2.499 512 
612 451 2.499 512 
614 449 2.516 512 
615 447 2.516 512 
616 446 2.516 512 
617 447 2.567 512 
617 448 2.567 512 
616 449 2.567 512 
616 450 2.584 512 
614 451 2.584 512 
612 454 2.584 512 
606 455 2.584 512 
599 457 2.601 512 
586 458 2.601 512 
574 460 2.601 512 
557 461 2.601 512 
541 461 2.618 512 
524 461 2.618 512 
510 461 2.618 512 
497 461 2.635 512 
476 453 2.635 512 
470 452 2.635 512 
468 450 2.652 512 
466 450 2.652 512 
464 449 2.652 512 
463 448 2.669 512 
462 448 2.669 512 
459 446 2.669 512 
456 446 2.686 512 
452 446 2.686 512 
447 444 2.686 512 
442 444 2.686 512 
437 443 2.703 512 
431 443 2.703 512 
428 443 2.703 512 
424 443 2.703 512 
421 443 2.72 512 
417 443 2.72 512 
414 443 2.72 512 
410 443 2.72 512 
407 443 2.737 512 
403 444 2.737 512 
392 446 2.737 512 
389 446 2.754 512 
387 446 2.754 512 
386 446 2.754 512 
385 447 2.856 512 
387 447 2.924 512 
388 447 2.924 512 
391 449 2.924 512 
394 450 2.924 512 
395 451 2.941 512 
397 452 2.941 512 
399 452 2.941 512 
401 453 2.941 512 
402 454 2.958 512 
406 455 2.958 512 
408 456 2.975 512 
410 457 2.975 512 
413 457 2.975 512 
415 458 2.992 512 
420 460 2.992 512 
423 460 2.992 512 
424 460 2.992 512 
428 461 3.009 512 
428 462 3.009 512 
429 462 3.009 512 
431 462 3.264 512 
434 462 3.264 512 
438 462 3.264 512 
443 462 3.281 512 
451 462 3.281 512 
460 462 3.281 512 
470 462 3.281 512 
480 462 3.298 512 
492 462 3.298 512 
502 462 3.298 512 
510 462 3.298 512 
514 462 3.315 512 
518 462 3.315 512 
520 463 3.315 512 
520 463 3.58699 514 
522 464 4.25 512 
525 464 4.25 512 
530 464 4.267 512 
538 464 4.267 512 
544 464 4.267 512 
553 461 4.267 512 
564 461 4.284 512 
573 461 4.284 512 
582 461 4.284 512 
589 461 4.284 512 
593 461 4.301 512 
597 461 4.301 512 
598 461 4.301 512 
599 461 4.335 512 
599 461 4.352 512 
601 461 4.352 512 
604 461 4.369 512 
605 461 4.369 512 
608 461 4.369 512 
610 461 4.369 512 
614 461 4.386 512 
616 461 4.386 512 
617 461 4.386 512 
619 462 4.386 512 
620 462 4.403 512 
621 462 4.573 512 
622 462 4.573 512 
622 463 4.573 512 
623 464 4.573 512 
624 464 4.59 512 
625 465 4.59 512 
627 466 4.607 512 
627 466 4.624 512 
628 467 4.624 512 
628 468 5.13401 512 
628 469 5.15101 512 
624 470 5.15101 512 
619 471 5.15101 512 
613 473 5.15101 512 
604 473 5.16801 512 
597 474 5.16801 512 
587 474 5.16801 512 
579 474 5.18501 512 
573 474 5.18501 512 
566 474 5.18501 512 
559 474 5.18501 512 
554 473 5.20201 512 
547 472 5.20201 512 
539 472 5.20201 512 
533 469 5.20201 512 
526 467 5.21901 512 
516 465 5.21901 512 
510 463 5.21901 512 
505 461 5.21901 512 
496 458 5.23601 512 
493 458 5.23601 512 
489 457 5.23601 512 
487 456 5.23601 512 
483 455 5.25301 512 
482 455 5.25301 512 
481 455 5.25301 512 
479 453 5.27001 512 
478 453 5.27001 512 
477 453 5.27001 512 
476 453 5.27001 512 
474 452 5.28701 512 
472 451 5.28701 512 
471 451 5.28701 512 
470 450 5.30401 512 
469 450 5.30401 512 
469 450 5.30401 512 
467 450 5.30401 512 
465 449 5.32101 512 
462 449 5.32101 512 
457 447 5.32101 512 
453 446 5.32101 512 
450 446 5.33801 512 
446 446 5.33801 512 
443 446 5.33801 512 
440 446 5.35501 512 
439 446 5.35501 512 
437 446 5.35501 512 
437 447 5.49101 512 
437 450 5.49101 512 
433 454 5.49101 512 
429 456 5.49101 512 
425 457 5.50801 512 
420 459 5.50801 512 
417 459 5.50801 512 
414 460 5.50801 512 
409 460 5.52501 512 
407 460 5.52501 512 
407 460 5.52501 512 
405 460 5.54201 512 
404 458 5.59301 512 
406 456 5.59301 512 
409 453 5.59301 512 
412 452 5.59301 512 
417 450 5.61001 512 
419 450 5.61001 512 
419 450 5.61001 512 
421 450 5.61001 512 
422 451 5.62701 512 
423 451 5.64401 512 
425 451 5.66101 512 
426 452 5.66101 512 
427 453 5.67801 512 
427 453 5.72901 512 
427 454 5.74601 512 
427 453 5.79701 512 
427 453 5.79701 514 
428 454 5.84801 512 
430 454 5.84801 512 
435 454 5.84801 512 
442 453 5.84801 512 
454 449 5.86502 512 
466 447 5.86502 512 
483 447 5.86502 512 
502 445 5.88202 512 
527 445 5.88202 512 
549 445 5.88202 512 
576 445 5.88202 512 
595 445 5.89902 512 
608 445 5.89902 512 
618 445 5.89902 512 
623 445 5.89902 512 
625 445 5.91602 512 
626 446 5.91602 512 
626 446 6.01802 512 
628 448 6.01802 512 
629 448 6.03502 512 
630 450 6.03502 512 
631 453 6.05202 512 
631 454 6.05202 512 
632 456 6.05202 512 
632 458 6.05202 512 
632 458 6.06902 512 
632 460 6.06902 512 
633 461 6.06902 512 
632 460 6.40902 512 
632 460 6.44302 514 
633 461 6.95303 512 
635 459 7.19103 512 
636 457 7.19103 512 
638 451 7.20803 512 
639 446 7.20803 512 
641 439 7.20803 512 
644 429 7.20803 512 
645 420 7.22503 512 
648 411 7.22503 512 
650 402 7.22503 512 
620 410 7.39503 512 
607 420 7.41203 512 
587 429 7.41203 512 
571 432 7.41203 512 
554 438 7.41203 512 
537 444 7.42903 512 
525 445 7.42903 512 
514 447 7.42903 512 
505 448 7.42903 512 
496 451 7.44603 512 
493 451 7.44603 512 
488 451 7.44603 512 
484 453 7.44603 512 
479 454 7.46303 512 
476 454 7.46303 512 
471 454 7.46303 512 
467 456 7.46303 512 
463 456 7.48003 512 
456 456 7.48003 512 
449 456 7.48003 512 
442 456 7.48003 512 
438 455 7.49703 512 
432 453 7.49703 512 
429 453 7.49703 512 
422 452 7.49703 512 
415 450 7.51403 512 
406 450 7.51403 512 
384 450 7.53103 512 
374 450 7.53103 512 
364 450 7.53103 512 
355 450 7.53103 512 
347 450 7.54803 512 
342 450 7.54803 512 
336 450 7.54803 512 
333 450 7.54803 512 
331 450 7.56503 512 
329 450 7.56503 512 
327 450 7.56503 512 
326 450 7.56503 512 
325 450 7.58204 512 
329 450 7.63304 512 
332 450 7.63304 512 
337 447 7.65004 512 
345 447 7.65004 512 
354 447 7.65004 512 
364 447 7.65004 512 
377 447 7.66704 512 
391 447 7.66704 512 
406 447 7.66704 512 
426 446 7.66704 512 
448 446 7.68404 512 
467 446 7.68404 512 
515 443 7.68404 512 
534 443 7.70104 512 
553 443 7.70104 512 
567 443 7.70104 512 
576 443 7.71804 512 
585 443 7.71804 512 
591 443 7.71804 512 
596 443 7.71804 512 
598 443 7.73504 512 
600 443 7.73504 512 
603 443 7.73504 512 
604 443 7.73504 512 
604 443 7.75204 512 
606 443 7.75204 512 
606 443 7.75204 512 
607 443 7.75204 512 
608 443 7.76904 512 
609 443 7.76904 512 
610 443 7.76904 512 
611 441 7.78604 512 
612 442 7.78604 512 
613 442 7.80304 512 
616 443 7.80304 512 
617 444 7.82004 512 
620 445 7.82004 512 
624 448 7.82004 512 
627 448 7.82004 512 
630 450 7.83704 512 
632 450 7.83704 512 
633 451 7.83704 512 
634 451 7.83704 512 
634 451 8.89105 514 
634 452 9.01005 512 
632 452 9.01005 512 
624 452 9.01005 512 
614 452 9.02705 512 
604 452 9.02705 512 
586 447 9.02705 512 
567 442 9.02705 512 
543 436 9.04405 512 
512 424 9.04405 512 
487 416 9.04405 512 
381 414 9.12905 512 
377 422 9.12905 512 
374 428 9.14605 512 
370 433 9.14605 512 
366 436 9.14605 512 
364 440 9.14605 512 
363 441 9.16305 512 
362 442 9.16305 512 
367 443 9.74106 512 
375 443 9.74106 512 
384 445 9.75806 512 
393 446 9.75806 512 
414 451 9.75806 512 
424 452 9.77506 512 
433 454 9.77506 512 
443 455 9.77506 512 
449 458 9.77506 512 
453 458 9.79206 512 
455 460 9.79206 512 
457 461 9.79206 512 
458 461 9.79206 512 
458 462 9.80906 512 
459 462 10.1151 512 
461 462 10.1151 512 
466 462 10.1321 512 
469 462 10.1321 512 
474 462 10.1321 512 
480 462 10.1321 512 
486 462 10.1491 512 
496 462 10.1491 512 
500 462 10.1491 512 
502 462 10.1661 512 
503 462 10.1661 512 
504 462 10.2171 512 
504 462 10.2171 512 
505 463 10.4041 512 
505 464 10.4041 512 
504 464 10.4041 512 
502 463 10.4211 512 
501 463 10.4381 512 
499 463 10.4381 512 
496 463 10.4381 512 
492 461 10.4551 512 
487 460 10.4551 512 
482 457 10.4551 512 
475 455 10.4551 512 
471 454 10.4721 512 
466 453 10.4721 512 
461 452 10.4721 512 
457 450 10.4721 512 
456 450 10.4891 512 
452 449 10.4891 512 
451 449 10.4891 512 
450 448 10.4891 512 
449 448 10.6081 512 
453 448 10.6251 512 
459 448 10.6251 512 
465 448 10.6251 512 
473 449 10.6421 512 
477 449 10.6421 512 
483 451 10.6421 512 
484 451 10.6421 512 
487 453 10.6591 512 
488 453 10.6591 512 
489 453 10.6591 512 
490 453 10.6761 512 
490 453 10.6761 512 
491 453 10.6761 512 
492 453 10.6761 512 
495 455 10.6931 512 
498 456 10.6931 512 
500 456 10.7101 512 
500 456 10.7101 512 
501 456 10.7101 512 
501 457 10.7271 512 
502 457 10.7441 512 
503 457 10.7611 512 
504 457 10.7781 512 
505 457 10.7781 512 
506 457 10.7781 512 
507 457 10.7781 512 
507 457 10.7951 512 
509 457 10.7951 512 
509 457 10.7951 512 
510 457 10.8121 512 
511 457 10.8121 512 
512 457 10.8121 512 
513 457 10.8291 512 
514 457 10.8631 512 
514 457 10.9141 514 
514 458 11.1011 512 
514 460 11.1181 512 
512 461 11.1181 512 
508 463 11.1181 512 
505 463 11.1181 512 
501 463 11.1351 512 
498 464 11.1351 512 
494 464 11.1351 512 
488 464 11.1351 512 
480 464 11.1521 512 
472 464 11.1521 512 
467 464 11.1521 512 
460 462 11.1691 512 
451 458 11.1691 512 
444 456 11.1691 512 
436 455 11.1861 512 
430 453 11.1861 512 
427 453 11.1861 512 
423 451 11.1861 512 
420 450 11.2031 512 
416 450 11.2031 512 
414 449 11.2031 512 
412 448 11.2031 512 
409 448 11.2201 512 
407 446 11.2201 512 
403 446 11.2201 512 
400 446 11.2201 512 
397 446 11.2371 512 
390 444 11.2371 512 
387 444 11.2371 512 
382 444 11.2371 512 
379 444 11.2541 512 
375 444 11.2541 512 
372 444 11.2541 512 
371 444 11.2541 512 
369 444 11.2711 512 
369 444 11.5431 514 
368 444 12.3931 512 
368 445 12.3931 512 
369 444 12.5971 512 
369 444 12.6481 514 
367 447 12.8691 512 
366 449 12.8691 512 
365 451 12.8691 512 
363 454 12.8691 512 
361 455 12.8861 512 
360 456 12.8861 512 
355 456 12.8861 512 
348 456 12.8861 512 
339 457 12.9031 512 
327 457 12.9031 512 
314 457 12.9031 512 
297 457 12.9031 512 
283 457 12.9201 512 
268 456 12.9201 512 
256 453 12.9201 512 
247 452 12.9201 512 
241 449 12.9371 512 
238 448 12.9371 512 
237 448 12.9371 512 
236 448 13.1071 512 
236 448 13.1071 512 
235 448 13.1241 512 
233 448 13.1241 512 
233 450 13.1241 512 
232 450 13.1241 512 
231 450 13.1581 512 
229 451 13.1581 512 
228 452 13.1751 512 
226 452 13.1751 512 
221 452 13.1751 512 
209 452 13.1921 512 
202 452 13.1921 512 
195 452 13.1921 512 
190 452 13.1921 512 
184 452 13.2091 512 
182 452 13.2091 512 
180 452 13.2091 512 
181 452 13.3451 512 
182 452 13.3621 512 
183 452 13.4811 512 
186 452 13.4811 512 
188 452 13.4811 512 
192 452 13.4981 512 
195 452 13.4981 512 
200 452 13.4981 512 
203 452 13.4981 512 
207 452 13.5151 512 
210 452 13.5151 512 
213 452 13.5151 512 
216 452 13.5321 512 
216 452 13.5321 512 
217 452 13.5321 512 
218 452 13.5321 512 
219 452 13.5491 512 
220 452 13.5491 512 
221 452 13.5491 512 
225 452 13.5831 512 
226 452 13.5831 512 
227 452 13.5831 512 
228 452 13.6001 512 
229 453 13.6001 512 
229 454 13.6511 512 
227 454 13.6511 512 
225 454 13.6681 512 
222 454 13.6681 512 
218 454 13.6681 512 
213 454 13.6681 512 
208 454 13.6851 512 
202 453 13.6851 512 
196 451 13.6851 512 
191 451 13.7021 512 
185 450 13.7021 512 
180 450 13.7021 512 
176 448 13.7021 512 
172 448 13.7191 512 
172 448 13.7191 512 
170 448 13.7191 512 
170 447 13.8551 512 
171 447 13.9061 512 
172 447 13.9061 512 
175 448 13.9061 512 
177 448 13.9231 512 
180 448 13.9231 512 
186 449 13.9231 512 
192 449 13.9231 512 
201 451 13.9401 512 
207 451 13.9401 512 
218 451 13.9401 512 
229 451 13.9401 512 
240 451 13.9571 512 
251 451 13.9571 512 
267 451 13.9571 512 
282 451 13.9571 512 
300 451 13.9741 512 
319 451 13.9741 512 
334 451 13.9741 512 
346 451 13.9741 512 
355 451 13.9911 512 
362 451 13.9911 512 
366 451 13.9911 512 
368 451 13.9911 512 
369 451 14.0081 512 
370 453 14.0931 512 
370 453 14.0931 512 
370 454 14.1101 512 
369 455 14.1101 512 
369 455 14.1101 512 
368 455 14.1101 512 
367 455 14.1271 512 
365 455 14.1271 512 
362 457 14.1271 512 
359 458 14.1271 512 
358 458 14.1441 512 
358 458 14.1441 512 
357 457 14.5181 512 
362 456 14.5181 512 
367 455 14.5181 512 
377 453 14.5181 512 
388 451 14.5351 512 
401 448 14.5351 512 
417 448 14.5351 512 
436 444 14.5351 512 
452 444 14.5521 512 
470 443 14.5521 512 
483 443 14.5521 512 
503 443 14.5691 512 
512 443 14.5691 512 
517 443 14.5691 512 
522 443 14.5691 512 
524 443 14.5861 512 
527 443 14.5861 512 
528 441 14.6031 512 
529 441 14.6031 512 
530 441 14.6031 512 
530 441 14.6201 512 
532 442 14.6201 512 
534 442 14.6201 512 
536 442 14.6201 512 
537 443 14.6371 512 
538 443 14.6371 512 
540 443 14.6541 512 
540 444 14.6541 512 
540 444 14.8071 512 
540 445 14.9091 512 
540 446 14.9261 512 
540 447 14.9261 512 
541 447 14.9261 512 
542 449 14.9431 512 
542 450 14.9431 512 
542 451 14.9941 512 
542 452 14.9941 512 
542 453 15.0111 512 
542 454 15.0111 512 
542 455 15.0451 512 
542 456 15.0621 512 
543 456 15.0961 512 
544 456 15.1131 512 
546 456 15.1131 512 
551 455 15.1131 512 
556 455 15.1131 512 
566 454 15.1301 512 
578 452 15.1301 512 
589 452 15.1301 512 
601 452 15.1471 512 
610 452 15.1471 512 
617 452 15.1471 512 
623 452 15.1471 512 
626 452 15.1641 512 
627 452 15.1641 512 
628 452 15.1641 512 
629 452 15.1641 512 
